%YAML:1.0
cameraMatrix: !!opencv-matrix
   rows: 3
   cols: 3
   dt: d
   data: [ 9.3069690468440137e+02, 0., 3.3603423537624690e+02, 0.,
       9.2900533973519498e+02, 2.2929071468209915e+02, 0., 0., 1. ]
distCoeffs: !!opencv-matrix
   rows: 1
   cols: 5
   dt: d
   data: [ 8.8746679372920897e-02, -1.5792896757969930e+00,
       2.1598541777653448e-04, -5.1498478928117264e-03,
       -6.9544836293894354e+00 ]
