%YAML:1.0
cameraMatrix: !!opencv-matrix
   rows: 3
   cols: 3
   dt: d
   data: [ 1.1846241810138001e+03, 0., 4.9544512541927980e+02, 0.,
       1.1825833107519306e+03, 3.6680043845828840e+02, 0., 0., 1. ]
distCoeffs: !!opencv-matrix
   rows: 1
   cols: 5
   dt: d
   data: [ -1.1824070151603595e-01, 1.7020879322267009e+00,
       3.0323886840658994e-03, 2.3896037178950829e-03,
       -7.2356515124246430e+00 ]
